0.206866 1.30406 0.528811 0.826555 1 0.650641
-0.42273 0.627552 0.528811 0.826555 1 1.3
-0.42273 0.627552 0.206866 1.30406 1 0.650641
0.399748 0.603521 0.206866 1.30406 1 0.7
0.399748 0.603521 -0.42273 0.627552 1 0.650641
0.830473 -0.0975621 0.528811 0.826555 1 1.3
0.830473 -0.0975621 -0.42273 0.627552 1 1.3
0.830473 -0.0975621 0.399748 0.603521 1 0.650641
1.10322 0.785456 0.528811 0.826555 1 0.650641
1.10322 0.785456 0.206866 1.30406 1 0.7
1.10322 0.785456 0.399748 0.603521 1 0.7
1.10322 0.785456 0.830473 -0.0975621 1 0.650641
1.38689 1.16155 0.528811 0.826555 1 1.3
0.927645 1.51594 0.528811 0.826555 1 0.650641
0.927645 1.51594 0.206866 1.30406 1 0.7
0.927645 1.51594 1.10322 0.785456 1 0.7
0.927645 1.51594 1.38689 1.16155 1 0.650641
1.70119 0.171587 0.528811 0.826555 1 1.3
1.70119 0.171587 1.10322 0.785456 1 0.650641
1.70119 0.171587 1.38689 1.16155 1 1.3
1.86823 1.04003 1.10322 0.785456 1 0.7
1.86823 1.04003 1.38689 1.16155 1 0.650641
1.86823 1.04003 0.927645 1.51594 1 0.7
1.86823 1.04003 1.70119 0.171587 1 0.650641
2.22392 1.57745 1.38689 1.16155 1 1.3
1.70304 1.8185 1.38689 1.16155 1 0.650641
1.70304 1.8185 0.927645 1.51594 1 0.7
1.70304 1.8185 1.86823 1.04003 1 0.7
1.70304 1.8185 2.22392 1.57745 1 0.650641
2.49415 0.49153 1.38689 1.16155 1 1.3
2.49415 0.49153 1.86823 1.04003 1 0.650641
2.49415 0.49153 2.22392 1.57745 1 1.3
2.60647 1.32168 1.86823 1.04003 1 0.7
2.60647 1.32168 2.22392 1.57745 1 0.650641
2.60647 1.32168 1.70304 1.8185 1 0.7
2.60647 1.32168 2.49415 0.49153 1 0.650641
3.06274 2.04015 2.22392 1.57745 1 1.3
2.47756 2.19605 2.22392 1.57745 1 0.650641
2.47756 2.19605 1.70304 1.8185 1 0.7
2.47756 2.19605 2.60647 1.32168 1 0.7
2.47756 2.19605 3.06274 2.04015 1 0.650641
3.2471 0.850031 2.22392 1.57745 1 1.3
3.2471 0.850031 2.60647 1.32168 1 0.650641
3.2471 0.850031 3.06274 2.04015 1 1.3
3.27808 1.64358 2.60647 1.32168 1 0.7
3.27808 1.64358 3.06274 2.04015 1 0.650641
3.27808 1.64358 2.47756 2.19605 1 0.7
3.27808 1.64358 3.2471 0.850031 1 0.650641
3.88895 2.49797 3.06274 2.04015 1 1.3
3.24428 2.62551 3.06274 2.04015 1 0.650641
3.24428 2.62551 2.47756 2.19605 1 0.7
3.24428 2.62551 3.27808 1.64358 1 0.7
3.24428 2.62551 3.88895 2.49797 1 0.650641
3.96476 1.24251 3.06274 2.04015 1 1.3
3.96476 1.24251 3.27808 1.64358 1 0.650641
3.96476 1.24251 3.88895 2.49797 1 1.3
3.90511 2.03463 3.27808 1.64358 1 0.7
3.90511 2.03463 3.88895 2.49797 1 0.650641
3.90511 2.03463 3.24428 2.62551 1 0.7
3.90511 2.03463 3.96476 1.24251 1 0.650641
4.67757 2.92887 3.88895 2.49797 1 1.3
3.99177 3.07156 3.88895 2.49797 1 0.650641
3.99177 3.07156 3.24428 2.62551 1 0.7
3.99177 3.07156 3.90511 2.03463 1 0.7
3.99177 3.07156 4.67757 2.92887 1 0.650641
4.63299 1.63881 3.88895 2.49797 1 1.3
4.63299 1.63881 3.90511 2.03463 1 0.650641
4.63299 1.63881 4.67757 2.92887 1 1.3
4.54345 2.45871 3.90511 2.03463 1 0.7
4.54345 2.45871 4.67757 2.92887 1 0.650641
4.54345 2.45871 3.99177 3.07156 1 0.7
4.54345 2.45871 4.63299 1.63881 1 0.650641
5.42863 3.33325 4.67757 2.92887 1 1.3
4.72425 3.50638 4.67757 2.92887 1 0.650641
4.72425 3.50638 3.99177 3.07156 1 0.7
4.72425 3.50638 4.54345 2.45871 1 0.7
4.72425 3.50638 5.42863 3.33325 1 0.650641
5.28257 2.02649 4.67757 2.92887 1 1.3
5.28257 2.02649 4.54345 2.45871 1 0.650641
5.28257 2.02649 5.42863 3.33325 1 1.3
5.20608 2.87217 4.54345 2.45871 1 0.7
5.20608 2.87217 5.42863 3.33325 1 0.650641
5.20608 2.87217 4.72425 3.50638 1 0.7
5.20608 2.87217 5.28257 2.02649 1 0.650641
6.16788 3.70373 5.42863 3.33325 1 1.3
5.45557 3.91632 5.42863 3.33325 1 0.650641
5.45557 3.91632 4.72425 3.50638 1 0.7
5.45557 3.91632 5.20608 2.87217 1 0.7
5.45557 3.91632 6.16788 3.70373 1 0.650641
5.92817 2.39589 5.42863 3.33325 1 1.3
5.92817 2.39589 5.20608 2.87217 1 0.650641
5.92817 2.39589 6.16788 3.70373 1 1.3
5.87775 3.256 5.20608 2.87217 1 0.7
5.87775 3.256 6.16788 3.70373 1 0.650641
5.87775 3.256 5.45557 3.91632 1 0.7
5.87775 3.256 5.92817 2.39589 1 0.650641
6.93317 4.03132 6.16788 3.70373 1 1.3
6.19454 4.28775 6.16788 3.70373 1 0.650641
6.19454 4.28775 5.45557 3.91632 1 0.7
6.19454 4.28775 5.87775 3.256 1 0.7
6.19454 4.28775 6.93317 4.03132 1 0.650641
6.56644 2.73609 6.16788 3.70373 1 1.3
6.56644 2.73609 5.87775 3.256 1 0.650641
6.56644 2.73609 6.93317 4.03132 1 1.3
6.54236 3.60349 5.87775 3.256 1 0.7
6.54236 3.60349 6.93317 4.03132 1 0.650641
6.54236 3.60349 6.19454 4.28775 1 0.7
6.54236 3.60349 6.56644 2.73609 1 0.650641
7.80283 4.30511 6.93317 4.03132 1 1.3
6.92453 4.6086 6.93317 4.03132 1 0.650641
6.92453 4.6086 6.19454 4.28775 1 0.7
6.92453 4.6086 6.54236 3.60349 1 0.7
6.92453 4.6086 7.80283 4.30511 1 0.650641
7.19062 3.03769 6.93317 4.03132 1 1.3
7.19062 3.03769 6.54236 3.60349 1 0.650641
7.19062 3.03769 7.80283 4.30511 1 1.3
7.16025 3.87507 6.54236 3.60349 1 0.7
7.16025 3.87507 7.80283 4.30511 1 0.650641
7.16025 3.87507 6.92453 4.6086 1 0.7
7.16025 3.87507 7.19062 3.03769 1 0.650641
0.391491 1.73737 0.528811 0.826555 1 1.3
0.391491 1.73737 1.38689 1.16155 1 1.3
0.391491 1.73737 0.927645 1.51594 1 0.650641
0.0462384 2.09415 0.206866 1.30406 1 0.7
0.0462384 2.09415 0.927645 1.51594 1 0.7
0.0462384 2.09415 0.391491 1.73737 1 0.650641
-0.623381 1.51647 0.528811 0.826555 1 1.3
-0.623381 1.51647 0.206866 1.30406 1 0.650641
-0.623381 1.51647 0.391491 1.73737 1 1.3
-0.623381 1.51647 0.0462384 2.09415 1 0.650641
1.30597 2.16988 1.38689 1.16155 1 1.3
1.30597 2.16988 2.22392 1.57745 1 1.3
1.30597 2.16988 1.70304 1.8185 1 0.650641
1.30597 2.16988 0.391491 1.73737 1 1.3
0.803413 2.33895 0.927645 1.51594 1 0.7
0.803413 2.33895 1.70304 1.8185 1 0.7
0.803413 2.33895 0.391491 1.73737 1 0.650641
0.803413 2.33895 0.0462384 2.09415 1 0.7
0.803413 2.33895 1.30597 2.16988 1 0.650641
2.17235 2.62367 2.22392 1.57745 1 1.3
2.17235 2.62367 3.06274 2.04015 1 1.3
2.17235 2.62367 2.47756 2.19605 1 0.650641
2.17235 2.62367 1.30597 2.16988 1 1.3
1.62229 2.71669 1.70304 1.8185 1 0.7
1.62229 2.71669 2.47756 2.19605 1 0.7
1.62229 2.71669 1.30597 2.16988 1 0.650641
1.62229 2.71669 0.803413 2.33895 1 0.7
1.62229 2.71669 2.17235 2.62367 1 0.650641
3.01452 3.0974 3.06274 2.04015 1 1.3
3.01452 3.0974 3.88895 2.49797 1 1.3
3.01452 3.0974 3.24428 2.62551 1 0.650641
3.01452 3.0974 2.17235 2.62367 1 1.3
2.43834 3.15333 2.47756 2.19605 1 0.7
2.43834 3.15333 3.24428 2.62551 1 0.7
2.43834 3.15333 2.17235 2.62367 1 0.650641
2.43834 3.15333 1.62229 2.71669 1 0.7
2.43834 3.15333 3.01452 3.0974 1 0.650641
3.83601 3.57206 3.88895 2.49797 1 1.3
3.83601 3.57206 4.67757 2.92887 1 1.3
3.83601 3.57206 3.99177 3.07156 1 0.650641
3.83601 3.57206 3.01452 3.0974 1 1.3
3.24108 3.62437 3.24428 2.62551 1 0.7
3.24108 3.62437 3.99177 3.07156 1 0.7
3.24108 3.62437 3.01452 3.0974 1 0.650641
3.24108 3.62437 2.43834 3.15333 1 0.7
3.24108 3.62437 3.83601 3.57206 1 0.650641
4.64159 4.02743 4.67757 2.92887 1 1.3
4.64159 4.02743 5.42863 3.33325 1 1.3
4.64159 4.02743 4.72425 3.50638 1 0.650641
4.64159 4.02743 3.83601 3.57206 1 1.3
4.0326 4.10118 3.99177 3.07156 1 0.7
4.0326 4.10118 4.72425 3.50638 1 0.7
4.0326 4.10118 3.83601 3.57206 1 0.650641
4.0326 4.10118 3.24108 3.62437 1 0.7
4.0326 4.10118 4.64159 4.02743 1 0.650641
5.44322 4.4498 5.42863 3.33325 1 1.3
5.44322 4.4498 6.16788 3.70373 1 1.3
5.44322 4.4498 5.45557 3.91632 1 0.650641
5.44322 4.4498 4.64159 4.02743 1 1.3
4.82297 4.55716 4.72425 3.50638 1 0.7
4.82297 4.55716 5.45557 3.91632 1 0.7
4.82297 4.55716 4.64159 4.02743 1 0.650641
4.82297 4.55716 4.0326 4.10118 1 0.7
4.82297 4.55716 5.44322 4.4498 1 0.650641
6.26534 4.82299 6.16788 3.70373 1 1.3
6.26534 4.82299 6.93317 4.03132 1 1.3
6.26534 4.82299 6.19454 4.28775 1 0.650641
6.26534 4.82299 5.44322 4.4498 1 1.3
5.62102 4.97208 5.45557 3.91632 1 0.7
5.62102 4.97208 6.19454 4.28775 1 0.7
5.62102 4.97208 5.44322 4.4498 1 0.650641
5.62102 4.97208 4.82297 4.55716 1 0.7
5.62102 4.97208 6.26534 4.82299 1 0.650641
7.1355 5.15362 6.93317 4.03132 1 1.3
7.1355 5.15362 7.80283 4.30511 1 1.3
7.1355 5.15362 6.92453 4.6086 1 0.650641
7.1355 5.15362 6.26534 4.82299 1 1.3
6.41147 5.33666 6.19454 4.28775 1 0.7
6.41147 5.33666 6.92453 4.6086 1 0.7
6.41147 5.33666 6.26534 4.82299 1 0.650641
6.41147 5.33666 5.62102 4.97208 1 0.7
6.41147 5.33666 7.1355 5.15362 1 0.650641
8.01441 5.56318 7.80283 4.30511 1 1.3
8.01441 5.56318 7.1355 5.15362 1 1.3
7.1109 5.72262 6.92453 4.6086 1 0.7
7.1109 5.72262 7.1355 5.15362 1 0.650641
7.1109 5.72262 6.41147 5.33666 1 0.7
7.1109 5.72262 8.01441 5.56318 1 0.650641
7.46237 5.04708 7.80283 4.30511 1 0.650641
7.46237 5.04708 6.92453 4.6086 1 0.7
7.46237 5.04708 8.01441 5.56318 1 0.650641
7.46237 5.04708 7.1109 5.72262 1 0.7
0.334752 2.67024 0.391491 1.73737 1 1.3
0.334752 2.67024 1.30597 2.16988 1 1.3
0.334752 2.67024 0.803413 2.33895 1 0.650641
-0.0776017 2.87456 0.0462384 2.09415 1 0.7
-0.0776017 2.87456 0.803413 2.33895 1 0.7
-0.0776017 2.87456 0.334752 2.67024 1 0.650641
-0.741299 2.36334 0.391491 1.73737 1 1.3
-0.741299 2.36334 0.0462384 2.09415 1 0.650641
-0.741299 2.36334 0.334752 2.67024 1 1.3
-0.741299 2.36334 -0.0776017 2.87456 1 0.650641
1.26743 3.14714 1.30597 2.16988 1 1.3
1.26743 3.14714 2.17235 2.62367 1 1.3
1.26743 3.14714 1.62229 2.71669 1 0.650641
1.26743 3.14714 0.334752 2.67024 1 1.3
0.744576 3.19856 0.803413 2.33895 1 0.7
0.744576 3.19856 1.62229 2.71669 1 0.7
0.744576 3.19856 0.334752 2.67024 1 0.650641
0.744576 3.19856 -0.0776017 2.87456 1 0.7
0.744576 3.19856 1.26743 3.14714 1 0.650641
2.1489 3.62706 2.17235 2.62367 1 1.3
2.1489 3.62706 3.01452 3.0974 1 1.3
2.1489 3.62706 2.43834 3.15333 1 0.650641
2.1489 3.62706 1.26743 3.14714 1 1.3
1.59394 3.64178 1.62229 2.71669 1 0.7
1.59394 3.64178 2.43834 3.15333 1 0.7
1.59394 3.64178 1.26743 3.14714 1 0.650641
1.59394 3.64178 0.744576 3.19856 1 0.7
1.59394 3.64178 2.1489 3.62706 1 0.650641
3.00398 4.123 3.01452 3.0974 1 1.3
3.00398 4.123 3.83601 3.57206 1 1.3
3.00398 4.123 3.24108 3.62437 1 0.650641
3.00398 4.123 2.1489 3.62706 1 1.3
2.43533 4.1222 2.43834 3.15333 1 0.7
2.43533 4.1222 3.24108 3.62437 1 0.7
2.43533 4.1222 2.1489 3.62706 1 0.650641
2.43533 4.1222 1.59394 3.64178 1 0.7
2.43533 4.1222 3.00398 4.123 1 0.650641
3.84159 4.61639 3.83601 3.57206 1 1.3
3.84159 4.61639 4.64159 4.02743 1 1.3
3.84159 4.61639 4.0326 4.10118 1 0.650641
3.84159 4.61639 3.00398 4.123 1 1.3
3.2631 4.62301 3.24108 3.62437 1 0.7
3.2631 4.62301 4.0326 4.10118 1 0.7
3.2631 4.62301 3.00398 4.123 1 0.650641
3.2631 4.62301 2.43533 4.1222 1 0.7
3.2631 4.62301 3.84159 4.61639 1 0.650641
4.67165 5.08464 4.64159 4.02743 1 1.3
4.67165 5.08464 5.44322 4.4498 1 1.3
4.67165 5.08464 4.82297 4.55716 1 0.650641
4.67165 5.08464 3.84159 4.61639 1 1.3
4.08532 5.11904 4.0326 4.10118 1 0.7
4.08532 5.11904 4.82297 4.55716 1 0.7
4.08532 5.11904 3.84159 4.61639 1 0.650641
4.08532 5.11904 3.2631 4.62301 1 0.7
4.08532 5.11904 4.67165 5.08464 1 0.650641
5.5103 5.50884 5.44322 4.4498 1 1.3
5.5103 5.50884 6.26534 4.82299 1 1.3
5.5103 5.50884 5.62102 4.97208 1 0.650641
5.5103 5.50884 4.67165 5.08464 1 1.3
4.91212 5.58456 4.82297 4.55716 1 0.7
4.91212 5.58456 5.62102 4.97208 1 0.7
4.91212 5.58456 4.67165 5.08464 1 0.650641
4.91212 5.58456 4.08532 5.11904 1 0.7
4.91212 5.58456 5.5103 5.50884 1 0.650641
6.37484 5.88489 6.26534 4.82299 1 1.3
6.37484 5.88489 7.1355 5.15362 1 1.3
6.37484 5.88489 6.41147 5.33666 1 0.650641
6.37484 5.88489 5.5103 5.50884 1 1.3
5.73841 6.00527 5.62102 4.97208 1 0.7
5.73841 6.00527 6.41147 5.33666 1 0.7
5.73841 6.00527 5.5103 5.50884 1 0.650641
5.73841 6.00527 4.91212 5.58456 1 0.7
5.73841 6.00527 6.37484 5.88489 1 0.650641
7.23233 6.28531 7.1355 5.15362 1 1.3
7.23233 6.28531 8.01441 5.56318 1 1.3
7.23233 6.28531 7.1109 5.72262 1 0.650641
7.23233 6.28531 6.37484 5.88489 1 1.3
6.51663 6.41068 6.41147 5.33666 1 0.7
6.51663 6.41068 7.1109 5.72262 1 0.7
6.51663 6.41068 6.37484 5.88489 1 0.650641
6.51663 6.41068 5.73841 6.00527 1 0.7
6.51663 6.41068 7.23233 6.28531 1 0.650641
8.10931 6.76005 8.01441 5.56318 1 1.3
8.10931 6.76005 7.23233 6.28531 1 1.3
7.19778 6.85095 7.1109 5.72262 1 0.7
7.19778 6.85095 7.23233 6.28531 1 0.650641
7.19778 6.85095 6.51663 6.41068 1 0.7
7.19778 6.85095 8.10931 6.76005 1 0.650641
7.59808 6.22434 8.01441 5.56318 1 0.650641
7.59808 6.22434 7.1109 5.72262 1 0.7
7.59808 6.22434 8.10931 6.76005 1 0.650641
7.59808 6.22434 7.19778 6.85095 1 0.7
0.317687 3.62802 0.334752 2.67024 1 1.3
0.317687 3.62802 1.26743 3.14714 1 1.3
0.317687 3.62802 0.744576 3.19856 1 0.650641
-0.133449 3.61724 -0.0776017 2.87456 1 0.7
-0.133449 3.61724 0.744576 3.19856 1 0.7
-0.133449 3.61724 0.317687 3.62802 1 0.650641
-0.805888 3.19471 0.334752 2.67024 1 1.3
-0.805888 3.19471 -0.0776017 2.87456 1 0.650641
-0.805888 3.19471 0.317687 3.62802 1 1.3
-0.805888 3.19471 -0.133449 3.61724 1 0.650641
1.25821 4.11336 1.26743 3.14714 1 1.3
1.25821 4.11336 2.1489 3.62706 1 1.3
1.25821 4.11336 1.59394 3.64178 1 0.650641
1.25821 4.11336 0.317687 3.62802 1 1.3
0.7346 4.0773 0.744576 3.19856 1 0.7
0.7346 4.0773 1.59394 3.64178 1 0.7
0.7346 4.0773 0.317687 3.62802 1 0.650641
0.7346 4.0773 -0.133449 3.61724 1 0.7
0.7346 4.0773 1.25821 4.11336 1 0.650641
2.15251 4.61555 2.1489 3.62706 1 1.3
2.15251 4.61555 3.00398 4.123 1 1.3
2.15251 4.61555 2.43533 4.1222 1 0.650641
2.15251 4.61555 1.25821 4.11336 1 1.3
1.60206 4.57248 1.59394 3.64178 1 0.7
1.60206 4.57248 2.43533 4.1222 1 0.7
1.60206 4.57248 1.25821 4.11336 1 0.650641
1.60206 4.57248 0.7346 4.0773 1 0.7
1.60206 4.57248 2.15251 4.61555 1 0.650641
3.01904 5.13127 3.00398 4.123 1 1.3
3.01904 5.13127 3.84159 4.61639 1 1.3
3.01904 5.13127 3.2631 4.62301 1 0.650641
3.01904 5.13127 2.15251 4.61555 1 1.3
2.45678 5.08944 2.43533 4.1222 1 0.7
2.45678 5.08944 3.2631 4.62301 1 0.7
2.45678 5.08944 2.15251 4.61555 1 0.650641
2.45678 5.08944 1.60206 4.57248 1 0.7
2.45678 5.08944 3.01904 5.13127 1 0.650641
3.86987 5.63764 3.84159 4.61639 1 1.3
3.86987 5.63764 4.67165 5.08464 1 1.3
3.86987 5.63764 4.08532 5.11904 1 0.650641
3.86987 5.63764 3.01904 5.13127 1 1.3
3.29854 5.6144 3.2631 4.62301 1 0.7
3.29854 5.6144 4.08532 5.11904 1 0.7
3.29854 5.6144 3.01904 5.13127 1 0.650641
3.29854 5.6144 2.45678 5.08944 1 0.7
3.29854 5.6144 3.86987 5.63764 1 0.650641
4.7189 6.11165 4.67165 5.08464 1 1.3
4.7189 6.11165 5.5103 5.50884 1 1.3
4.7189 6.11165 4.91212 5.58456 1 0.650641
4.7189 6.11165 3.86987 5.63764 1 1.3
4.13771 6.12365 4.08532 5.11904 1 0.7
4.13771 6.12365 4.91212 5.58456 1 0.7
4.13771 6.12365 3.86987 5.63764 1 0.650641
4.13771 6.12365 3.29854 5.6144 1 0.7
4.13771 6.12365 4.7189 6.11165 1 0.650641
5.57862 6.54148 5.5103 5.50884 1 1.3
5.57862 6.54148 6.37484 5.88489 1 1.3
5.57862 6.54148 5.73841 6.00527 1 0.650641
5.57862 6.54148 4.7189 6.11165 1 1.3
4.97862 6.59879 4.91212 5.58456 1 0.7
4.97862 6.59879 5.73841 6.00527 1 0.7
4.97862 6.59879 4.7189 6.11165 1 0.650641
4.97862 6.59879 4.13771 6.12365 1 0.7
4.97862 6.59879 5.57862 6.54148 1 0.650641
6.43148 6.96083 6.37484 5.88489 1 1.3
6.43148 6.96083 7.23233 6.28531 1 1.3
6.43148 6.96083 6.51663 6.41068 1 0.650641
6.43148 6.96083 5.57862 6.54148 1 1.3
5.79918 7.04828 5.73841 6.00527 1 0.7
5.79918 7.04828 6.51663 6.41068 1 0.7
5.79918 7.04828 5.57862 6.54148 1 0.650641
5.79918 7.04828 4.97862 6.59879 1 0.7
5.79918 7.04828 6.43148 6.96083 1 0.650641
7.27906 7.41286 7.23233 6.28531 1 1.3
7.27906 7.41286 8.10931 6.76005 1 1.3
7.27906 7.41286 7.19778 6.85095 1 0.650641
7.27906 7.41286 6.43148 6.96083 1 1.3
6.57 7.49605 6.51663 6.41068 1 0.7
6.57 7.49605 7.19778 6.85095 1 0.7
6.57 7.49605 6.43148 6.96083 1 0.650641
6.57 7.49605 5.79918 7.04828 1 0.7
6.57 7.49605 7.27906 7.41286 1 0.650641
8.16095 7.91163 8.10931 6.76005 1 1.3
8.16095 7.91163 7.27906 7.41286 1 1.3
7.24757 7.97386 7.19778 6.85095 1 0.7
7.24757 7.97386 7.27906 7.41286 1 0.650641
7.24757 7.97386 6.57 7.49605 1 0.7
7.24757 7.97386 8.16095 7.91163 1 0.650641
7.66528 7.37446 8.10931 6.76005 1 0.650641
7.66528 7.37446 7.19778 6.85095 1 0.7
7.66528 7.37446 8.16095 7.91163 1 0.650641
7.66528 7.37446 7.24757 7.97386 1 0.7
0.302666 4.5725 0.317687 3.62802 1 1.3
0.302666 4.5725 1.25821 4.11336 1 1.3
0.302666 4.5725 0.7346 4.0773 1 0.650641
-0.10712 4.35572 -0.133449 3.61724 1 0.7
-0.10712 4.35572 0.7346 4.0773 1 0.7
-0.10712 4.35572 0.302666 4.5725 1 0.650641
-0.823468 4.01247 0.317687 3.62802 1 1.3
-0.823468 4.01247 -0.133449 3.61724 1 0.650641
-0.823468 4.01247 0.302666 4.5725 1 1.3
-0.823468 4.01247 -0.10712 4.35572 1 0.650641
1.26013 5.06213 1.25821 4.11336 1 1.3
1.26013 5.06213 2.15251 4.61555 1 1.3
1.26013 5.06213 1.60206 4.57248 1 0.650641
1.26013 5.06213 0.302666 4.5725 1 1.3
0.748604 4.94767 0.7346 4.0773 1 0.7
0.748604 4.94767 1.60206 4.57248 1 0.7
0.748604 4.94767 0.302666 4.5725 1 0.650641
0.748604 4.94767 -0.10712 4.35572 1 0.7
0.748604 4.94767 1.26013 5.06213 1 0.650641
2.16264 5.58762 2.15251 4.61555 1 1.3
2.16264 5.58762 3.01904 5.13127 1 1.3
2.16264 5.58762 2.45678 5.08944 1 0.650641
2.16264 5.58762 1.26013 5.06213 1 1.3
1.6208 5.49634 1.60206 4.57248 1 0.7
1.6208 5.49634 2.45678 5.08944 1 0.7
1.6208 5.49634 1.26013 5.06213 1 0.650641
1.6208 5.49634 0.748604 4.94767 1 0.7
1.6208 5.49634 2.16264 5.58762 1 0.650641
3.03387 6.12125 3.01904 5.13127 1 1.3
3.03387 6.12125 3.86987 5.63764 1 1.3
3.03387 6.12125 3.29854 5.6144 1 0.650641
3.03387 6.12125 2.16264 5.58762 1 1.3
2.4769 6.04947 2.45678 5.08944 1 0.7
2.4769 6.04947 3.29854 5.6144 1 0.7
2.4769 6.04947 2.16264 5.58762 1 0.650641
2.4769 6.04947 1.6208 5.49634 1 0.7
2.4769 6.04947 3.03387 6.12125 1 0.650641
3.89114 6.63878 3.86987 5.63764 1 1.3
3.89114 6.63878 4.7189 6.11165 1 1.3
3.89114 6.63878 4.13771 6.12365 1 0.650641
3.89114 6.63878 3.03387 6.12125 1 1.3
3.32167 6.59571 3.29854 5.6144 1 0.7
3.32167 6.59571 4.13771 6.12365 1 0.7
3.32167 6.59571 3.03387 6.12125 1 0.650641
3.32167 6.59571 2.4769 6.04947 1 0.7
3.32167 6.59571 3.89114 6.63878 1 0.650641
4.7514 7.12336 4.7189 6.11165 1 1.3
4.7514 7.12336 5.57862 6.54148 1 1.3
4.7514 7.12336 4.97862 6.59879 1 0.650641
4.7514 7.12336 3.89114 6.63878 1 1.3
4.16792 7.11723 4.13771 6.12365 1 0.7
4.16792 7.11723 4.97862 6.59879 1 0.7
4.16792 7.11723 3.89114 6.63878 1 0.650641
4.16792 7.11723 3.32167 6.59571 1 0.7
4.16792 7.11723 4.7514 7.12336 1 0.650641
5.61189 7.58483 5.57862 6.54148 1 1.3
5.61189 7.58483 6.43148 6.96083 1 1.3
5.61189 7.58483 5.79918 7.04828 1 0.650641
5.61189 7.58483 4.7514 7.12336 1 1.3
5.01276 7.61274 4.97862 6.59879 1 0.7
5.01276 7.61274 5.79918 7.04828 1 0.7
5.01276 7.61274 4.7514 7.12336 1 0.650641
5.01276 7.61274 4.16792 7.11723 1 0.7
5.01276 7.61274 5.61189 7.58483 1 0.650641
6.46269 8.04856 6.43148 6.96083 1 1.3
6.46269 8.04856 7.27906 7.41286 1 1.3
6.46269 8.04856 6.57 7.49605 1 0.650641
6.46269 8.04856 5.61189 7.58483 1 1.3
5.8354 8.09661 5.79918 7.04828 1 0.7
5.8354 8.09661 6.57 7.49605 1 0.7
5.8354 8.09661 5.61189 7.58483 1 0.650641
5.8354 8.09661 5.01276 7.61274 1 0.7
5.8354 8.09661 6.46269 8.04856 1 0.650641
7.3136 8.53323 7.27906 7.41286 1 1.3
7.3136 8.53323 8.16095 7.91163 1 1.3
7.3136 8.53323 7.24757 7.97386 1 0.650641
7.3136 8.53323 6.46269 8.04856 1 1.3
6.61192 8.58543 6.57 7.49605 1 0.7
6.61192 8.58543 7.24757 7.97386 1 0.7
6.61192 8.58543 6.46269 8.04856 1 0.650641
6.61192 8.58543 5.8354 8.09661 1 0.7
6.61192 8.58543 7.3136 8.53323 1 0.650641
8.21045 9.03366 8.16095 7.91163 1 1.3
8.21045 9.03366 7.3136 8.53323 1 1.3
7.29925 9.09089 7.24757 7.97386 1 0.7
7.29925 9.09089 7.3136 8.53323 1 0.650641
7.29925 9.09089 6.61192 8.58543 1 0.7
7.29925 9.09089 8.21045 9.03366 1 0.650641
7.71418 8.50273 8.16095 7.91163 1 0.650641
7.71418 8.50273 7.24757 7.97386 1 0.7
7.71418 8.50273 8.21045 9.03366 1 0.650641
7.71418 8.50273 7.29925 9.09089 1 0.7
0.283047 5.47101 0.302666 4.5725 1 1.3
0.283047 5.47101 1.26013 5.06213 1 1.3
0.283047 5.47101 0.748604 4.94767 1 0.650641
-0.0577239 5.12045 -0.10712 4.35572 1 0.7
-0.0577239 5.12045 0.748604 4.94767 1 0.7
-0.0577239 5.12045 0.283047 5.47101 1 0.650641
-0.813087 4.78935 0.302666 4.5725 1 1.3
-0.813087 4.78935 -0.10712 4.35572 1 0.650641
-0.813087 4.78935 0.283047 5.47101 1 1.3
-0.813087 4.78935 -0.0577239 5.12045 1 0.650641
1.25328 5.9875 1.26013 5.06213 1 1.3
1.25328 5.9875 2.16264 5.58762 1 1.3
1.25328 5.9875 1.6208 5.49634 1 0.650641
1.25328 5.9875 0.283047 5.47101 1 1.3
0.760384 5.7994 0.748604 4.94767 1 0.7
0.760384 5.7994 1.6208 5.49634 1 0.7
0.760384 5.7994 0.283047 5.47101 1 0.650641
0.760384 5.7994 -0.0577239 5.12045 1 0.7
0.760384 5.7994 1.25328 5.9875 1 0.650641
2.15478 6.5406 2.16264 5.58762 1 1.3
2.15478 6.5406 3.03387 6.12125 1 1.3
2.15478 6.5406 2.4769 6.04947 1 0.650641
2.15478 6.5406 1.25328 5.9875 1 1.3
1.62209 6.40881 1.6208 5.49634 1 0.7
1.62209 6.40881 2.4769 6.04947 1 0.7
1.62209 6.40881 1.25328 5.9875 1 0.650641
1.62209 6.40881 0.760384 5.7994 1 0.7
1.62209 6.40881 2.15478 6.5406 1 0.650641
3.02153 7.09355 3.03387 6.12125 1 1.3
3.02153 7.09355 3.89114 6.63878 1 1.3
3.02153 7.09355 3.32167 6.59571 1 0.650641
3.02153 7.09355 2.15478 6.5406 1 1.3
2.46828 6.99827 2.4769 6.04947 1 0.7
2.46828 6.99827 3.32167 6.59571 1 0.7
2.46828 6.99827 2.15478 6.5406 1 0.650641
2.46828 6.99827 1.62209 6.40881 1 0.7
2.46828 6.99827 3.02153 7.09355 1 0.650641
3.88236 7.62608 3.89114 6.63878 1 1.3
3.88236 7.62608 4.7514 7.12336 1 1.3
3.88236 7.62608 4.16792 7.11723 1 0.650641
3.88236 7.62608 3.02153 7.09355 1 1.3
3.31435 7.56154 3.32167 6.59571 1 0.7
3.31435 7.56154 4.16792 7.11723 1 0.7
3.31435 7.56154 3.02153 7.09355 1 0.650641
3.31435 7.56154 2.46828 6.99827 1 0.7
3.31435 7.56154 3.88236 7.62608 1 0.650641
4.75671 8.13504 4.7514 7.12336 1 1.3
4.75671 8.13504 5.61189 7.58483 1 1.3
4.75671 8.13504 5.01276 7.61274 1 0.650641
4.75671 8.13504 3.88236 7.62608 1 1.3
4.1763 8.09662 4.16792 7.11723 1 0.7
4.1763 8.09662 5.01276 7.61274 1 0.7
4.1763 8.09662 3.88236 7.62608 1 0.650641
4.1763 8.09662 3.31435 7.56154 1 0.7
4.1763 8.09662 4.75671 8.13504 1 0.650641
5.6314 8.63711 5.61189 7.58483 1 1.3
5.6314 8.63711 6.46269 8.04856 1 1.3
5.6314 8.63711 5.8354 8.09661 1 0.650641
5.6314 8.63711 4.75671 8.13504 1 1.3
5.03657 8.61884 5.01276 7.61274 1 0.7
5.03657 8.61884 5.8354 8.09661 1 0.7
5.03657 8.61884 4.75671 8.13504 1 0.650641
5.03657 8.61884 4.1763 8.09662 1 0.7
5.03657 8.61884 5.6314 8.63711 1 0.650641
6.49617 9.14373 6.46269 8.04856 1 1.3
6.49617 9.14373 7.3136 8.53323 1 1.3
6.49617 9.14373 6.61192 8.58543 1 0.650641
6.49617 9.14373 5.6314 8.63711 1 1.3
5.87542 9.1432 5.8354 8.09661 1 0.7
5.87542 9.1432 6.61192 8.58543 1 0.7
5.87542 9.1432 5.6314 8.63711 1 0.650641
5.87542 9.1432 5.03657 8.61884 1 0.7
5.87542 9.1432 6.49617 9.14373 1 0.650641
7.36445 9.65026 7.3136 8.53323 1 1.3
7.36445 9.65026 8.21045 9.03366 1 1.3
7.36445 9.65026 7.29925 9.09089 1 0.650641
7.36445 9.65026 6.49617 9.14373 1 1.3
6.67103 9.675 6.61192 8.58543 1 0.7
6.67103 9.675 7.29925 9.09089 1 0.7
6.67103 9.675 6.49617 9.14373 1 0.650641
6.67103 9.675 5.87542 9.1432 1 0.7
6.67103 9.675 7.36445 9.65026 1 0.650641
8.28309 10.1424 8.21045 9.03366 1 1.3
8.28309 10.1424 7.36445 9.65026 1 1.3
7.37864 10.2057 7.29925 9.09089 1 0.7
7.37864 10.2057 7.36445 9.65026 1 0.650641
7.37864 10.2057 6.67103 9.675 1 0.7
7.37864 10.2057 8.28309 10.1424 1 0.650641
7.77689 9.61817 8.21045 9.03366 1 0.650641
7.77689 9.61817 7.29925 9.09089 1 0.7
7.77689 9.61817 8.28309 10.1424 1 0.650641
7.77689 9.61817 7.37864 10.2057 1 0.7
0.259176 6.32371 0.283047 5.47101 1 1.3
0.259176 6.32371 1.25328 5.9875 1 1.3
0.259176 6.32371 0.760384 5.7994 1 0.650641
-0.029616 5.90097 -0.0577239 5.12045 1 0.7
-0.029616 5.90097 0.760384 5.7994 1 0.7
-0.029616 5.90097 0.259176 6.32371 1 0.650641
-0.800844 5.54573 0.283047 5.47101 1 1.3
-0.800844 5.54573 -0.0577239 5.12045 1 0.650641
-0.800844 5.54573 0.259176 6.32371 1 1.3
-0.800844 5.54573 -0.029616 5.90097 1 0.650641
1.21982 6.89298 1.25328 5.9875 1 1.3
1.21982 6.89298 2.15478 6.5406 1 1.3
1.21982 6.89298 1.62209 6.40881 1 0.650641
1.21982 6.89298 0.259176 6.32371 1 1.3
0.751193 6.63774 0.760384 5.7994 1 0.7
0.751193 6.63774 1.62209 6.40881 1 0.7
0.751193 6.63774 0.259176 6.32371 1 0.650641
0.751193 6.63774 -0.029616 5.90097 1 0.7
0.751193 6.63774 1.21982 6.89298 1 0.650641
2.10445 7.47908 2.15478 6.5406 1 1.3
2.10445 7.47908 3.02153 7.09355 1 1.3
2.10445 7.47908 2.46828 6.99827 1 0.650641
2.10445 7.47908 1.21982 6.89298 1 1.3
1.58394 7.30746 1.62209 6.40881 1 0.7
1.58394 7.30746 2.46828 6.99827 1 0.7
1.58394 7.30746 1.21982 6.89298 1 0.650641
1.58394 7.30746 0.751193 6.63774 1 0.7
1.58394 7.30746 2.10445 7.47908 1 0.650641
2.96556 8.0531 3.02153 7.09355 1 1.3
2.96556 8.0531 3.88236 7.62608 1 1.3
2.96556 8.0531 3.31435 7.56154 1 0.650641
2.96556 8.0531 2.10445 7.47908 1 1.3
2.42108 7.9243 2.46828 6.99827 1 0.7
2.42108 7.9243 3.31435 7.56154 1 0.7
2.42108 7.9243 2.10445 7.47908 1 0.650641
2.42108 7.9243 1.58394 7.30746 1 0.7
2.42108 7.9243 2.96556 8.0531 1 0.650641
3.85343 8.60208 3.88236 7.62608 1 1.3
3.85343 8.60208 4.75671 8.13504 1 1.3
3.85343 8.60208 4.1763 8.09662 1 0.650641
3.85343 8.60208 2.96556 8.0531 1 1.3
3.29493 8.49695 3.31435 7.56154 1 0.7
3.29493 8.49695 4.1763 8.09662 1 0.7
3.29493 8.49695 2.96556 8.0531 1 0.650641
3.29493 8.49695 2.42108 7.9243 1 0.7
3.29493 8.49695 3.85343 8.60208 1 0.650641
4.75589 9.14359 4.75671 8.13504 1 1.3
4.75589 9.14359 5.6314 8.63711 1 1.3
4.75589 9.14359 5.03657 8.61884 1 0.650641
4.75589 9.14359 3.85343 8.60208 1 1.3
4.18563 9.05098 4.1763 8.09662 1 0.7
4.18563 9.05098 5.03657 8.61884 1 0.7
4.18563 9.05098 3.85343 8.60208 1 0.650641
4.18563 9.05098 3.29493 8.49695 1 0.7
4.18563 9.05098 4.75589 9.14359 1 0.650641
5.65701 9.69137 5.6314 8.63711 1 1.3
5.65701 9.69137 6.49617 9.14373 1 1.3
5.65701 9.69137 5.87542 9.1432 1 0.650641
5.65701 9.69137 4.75589 9.14359 1 1.3
5.07293 9.60744 5.03657 8.61884 1 0.7
5.07293 9.60744 5.87542 9.1432 1 0.7
5.07293 9.60744 4.75589 9.14359 1 0.650641
5.07293 9.60744 4.18563 9.05098 1 0.7
5.07293 9.60744 5.65701 9.69137 1 0.650641
6.54867 10.2429 6.49617 9.14373 1 1.3
6.54867 10.2429 7.36445 9.65026 1 1.3
6.54867 10.2429 6.67103 9.675 1 0.650641
6.54867 10.2429 5.65701 9.69137 1 1.3
5.93902 10.1789 5.87542 9.1432 1 0.7
5.93902 10.1789 6.67103 9.675 1 0.7
5.93902 10.1789 5.65701 9.69137 1 0.650641
5.93902 10.1789 5.07293 9.60744 1 0.7
5.93902 10.1789 6.54867 10.2429 1 0.650641
7.44515 10.7707 7.36445 9.65026 1 1.3
7.44515 10.7707 8.28309 10.1424 1 1.3
7.44515 10.7707 7.37864 10.2057 1 0.650641
7.44515 10.7707 6.54867 10.2429 1 1.3
6.76415 10.7599 6.67103 9.675 1 0.7
6.76415 10.7599 7.37864 10.2057 1 0.7
6.76415 10.7599 6.54867 10.2429 1 0.650641
6.76415 10.7599 5.93902 10.1789 1 0.7
6.76415 10.7599 7.44515 10.7707 1 0.650641
8.38912 11.2551 8.28309 10.1424 1 1.3
8.38912 11.2551 7.44515 10.7707 1 1.3
7.50034 11.3212 7.37864 10.2057 1 0.7
7.50034 11.3212 7.44515 10.7707 1 0.650641
7.50034 11.3212 6.76415 10.7599 1 0.7
7.50034 11.3212 8.38912 11.2551 1 0.650641
7.87333 10.73 8.28309 10.1424 1 0.650641
7.87333 10.73 7.37864 10.2057 1 0.7
7.87333 10.73 8.38912 11.2551 1 0.650641
7.87333 10.73 7.50034 11.3212 1 0.7
0.211818 7.14925 0.259176 6.32371 1 1.3
0.211818 7.14925 1.21982 6.89298 1 1.3
0.211818 7.14925 0.751193 6.63774 1 0.650641
-0.0316971 6.67455 -0.029616 5.90097 1 0.7
-0.0316971 6.67455 0.751193 6.63774 1 0.7
-0.0316971 6.67455 0.211818 7.14925 1 0.650641
-0.802456 6.28951 0.259176 6.32371 1 1.3
-0.802456 6.28951 -0.029616 5.90097 1 0.650641
-0.802456 6.28951 0.211818 7.14925 1 1.3
-0.802456 6.28951 -0.0316971 6.67455 1 0.650641
1.1335 7.7917 1.21982 6.89298 1 1.3
1.1335 7.7917 2.10445 7.47908 1 1.3
1.1335 7.7917 1.58394 7.30746 1 0.650641
1.1335 7.7917 0.211818 7.14925 1 1.3
0.704799 7.4635 0.751193 6.63774 1 0.7
0.704799 7.4635 1.58394 7.30746 1 0.7
0.704799 7.4635 0.211818 7.14925 1 0.650641
0.704799 7.4635 -0.0316971 6.67455 1 0.7
0.704799 7.4635 1.1335 7.7917 1 0.650641
1.99945 8.41599 2.10445 7.47908 1 1.3
1.99945 8.41599 2.96556 8.0531 1 1.3
1.99945 8.41599 2.42108 7.9243 1 0.650641
1.99945 8.41599 1.1335 7.7917 1 1.3
1.50594 8.17445 1.58394 7.30746 1 0.7
1.50594 8.17445 2.42108 7.9243 1 0.7
1.50594 8.17445 1.1335 7.7917 1 0.650641
1.50594 8.17445 0.704799 7.4635 1 0.7
1.50594 8.17445 1.99945 8.41599 1 0.650641
2.90391 9.00148 2.96556 8.0531 1 1.3
2.90391 9.00148 3.85343 8.60208 1 1.3
2.90391 9.00148 3.29493 8.49695 1 0.650641
2.90391 9.00148 1.99945 8.41599 1 1.3
2.38456 8.80103 2.42108 7.9243 1 0.7
2.38456 8.80103 3.29493 8.49695 1 0.7
2.38456 8.80103 1.99945 8.41599 1 0.650641
2.38456 8.80103 1.50594 8.17445 1 0.7
2.38456 8.80103 2.90391 9.00148 1 0.650641
3.83127 9.5708 3.85343 8.60208 1 1.3
3.83127 9.5708 4.75589 9.14359 1 1.3
3.83127 9.5708 4.18563 9.05098 1 0.650641
3.83127 9.5708 2.90391 9.00148 1 1.3
3.29881 9.38839 3.29493 8.49695 1 0.7
3.29881 9.38839 4.18563 9.05098 1 0.7
3.29881 9.38839 2.90391 9.00148 1 0.650641
3.29881 9.38839 2.38456 8.80103 1 0.7
3.29881 9.38839 3.83127 9.5708 1 0.650641
4.76393 10.1458 4.75589 9.14359 1 1.3
4.76393 10.1458 5.65701 9.69137 1 1.3
4.76393 10.1458 5.07293 9.60744 1 0.650641
4.76393 10.1458 3.83127 9.5708 1 1.3
4.22225 9.96783 4.18563 9.05098 1 0.7
4.22225 9.96783 5.07293 9.60744 1 0.7
4.22225 9.96783 3.83127 9.5708 1 0.650641
4.22225 9.96783 3.29881 9.38839 1 0.7
4.22225 9.96783 4.76393 10.1458 1 0.650641
5.69059 10.7393 5.65701 9.69137 1 1.3
5.69059 10.7393 6.54867 10.2429 1 1.3
5.69059 10.7393 5.93902 10.1789 1 0.650641
5.69059 10.7393 4.76393 10.1458 1 1.3
5.13728 10.5623 5.07293 9.60744 1 0.7
5.13728 10.5623 5.93902 10.1789 1 0.7
5.13728 10.5623 4.76393 10.1458 1 0.650641
5.13728 10.5623 4.22225 9.96783 1 0.7
5.13728 10.5623 5.69059 10.7393 1 0.650641
6.61104 11.3406 6.54867 10.2429 1 1.3
6.61104 11.3406 7.44515 10.7707 1 1.3
6.61104 11.3406 6.76415 10.7599 1 0.650641
6.61104 11.3406 5.69059 10.7393 1 1.3
6.03132 11.1838 5.93902 10.1789 1 0.7
6.03132 11.1838 6.76415 10.7599 1 0.7
6.03132 11.1838 5.69059 10.7393 1 0.650641
6.03132 11.1838 5.13728 10.5623 1 0.7
6.03132 11.1838 6.61104 11.3406 1 0.650641
7.54174 11.9027 7.44515 10.7707 1 1.3
7.54174 11.9027 8.38912 11.2551 1 1.3
7.54174 11.9027 7.50034 11.3212 1 0.650641
7.54174 11.9027 6.61104 11.3406 1 1.3
6.89087 11.8243 6.76415 10.7599 1 0.7
6.89087 11.8243 7.50034 11.3212 1 0.7
6.89087 11.8243 6.61104 11.3406 1 0.650641
6.89087 11.8243 6.03132 11.1838 1 0.7
6.89087 11.8243 7.54174 11.9027 1 0.650641
8.52203 12.3885 8.38912 11.2551 1 1.3
8.52203 12.3885 7.54174 11.9027 1 1.3
7.67047 12.4349 7.50034 11.3212 1 0.7
7.67047 12.4349 7.54174 11.9027 1 0.650641
7.67047 12.4349 6.89087 11.8243 1 0.7
7.67047 12.4349 8.52203 12.3885 1 0.650641
8.01331 11.845 8.38912 11.2551 1 0.650641
8.01331 11.845 7.50034 11.3212 1 0.7
8.01331 11.845 8.52203 12.3885 1 0.650641
8.01331 11.845 7.67047 12.4349 1 0.7
0.114287 7.97597 0.211818 7.14925 1 1.3
0.114287 7.97597 1.1335 7.7917 1 1.3
0.114287 7.97597 0.704799 7.4635 1 0.650641
-0.0617702 7.42391 -0.0316971 6.67455 1 0.7
-0.0617702 7.42391 0.704799 7.4635 1 0.7
-0.0617702 7.42391 0.114287 7.97597 1 0.650641
-0.825704 7.01238 0.211818 7.14925 1 1.3
-0.825704 7.01238 -0.0316971 6.67455 1 0.650641
-0.825704 7.01238 0.114287 7.97597 1 1.3
-0.825704 7.01238 -0.0617702 7.42391 1 0.650641
0.986316 8.71085 1.1335 7.7917 1 1.3
0.986316 8.71085 1.99945 8.41599 1 1.3
0.986316 8.71085 1.50594 8.17445 1 0.650641
0.986316 8.71085 0.114287 7.97597 1 1.3
0.619028 8.25626 0.704799 7.4635 1 0.7
0.619028 8.25626 1.50594 8.17445 1 0.7
0.619028 8.25626 0.114287 7.97597 1 0.650641
0.619028 8.25626 -0.0617702 7.42391 1 0.7
0.619028 8.25626 0.986316 8.71085 1 0.650641
1.91908 9.35896 1.99945 8.41599 1 1.3
1.91908 9.35896 2.90391 9.00148 1 1.3
1.91908 9.35896 2.38456 8.80103 1 0.650641
1.91908 9.35896 0.986316 8.71085 1 1.3
1.49184 8.97318 1.50594 8.17445 1 0.7
1.49184 8.97318 2.38456 8.80103 1 0.7
1.49184 8.97318 0.986316 8.71085 1 0.650641
1.49184 8.97318 0.619028 8.25626 1 0.7
1.49184 8.97318 1.91908 9.35896 1 0.650641
2.87322 9.96158 2.90391 9.00148 1 1.3
2.87322 9.96158 3.83127 9.5708 1 1.3
2.87322 9.96158 3.29881 9.38839 1 0.650641
2.87322 9.96158 1.91908 9.35896 1 1.3
2.42663 9.611 2.38456 8.80103 1 0.7
2.42663 9.611 3.29881 9.38839 1 0.7
2.42663 9.611 1.91908 9.35896 1 0.650641
2.42663 9.611 1.49184 8.97318 1 0.7
2.42663 9.611 2.87322 9.96158 1 0.650641
3.82719 10.5501 3.83127 9.5708 1 1.3
3.82719 10.5501 4.76393 10.1458 1 1.3
3.82719 10.5501 4.22225 9.96783 1 0.650641
3.82719 10.5501 2.87322 9.96158 1 1.3
3.37521 10.214 3.29881 9.38839 1 0.7
3.37521 10.214 4.22225 9.96783 1 0.7
3.37521 10.214 2.87322 9.96158 1 0.650641
3.37521 10.214 2.42663 9.611 1 0.7
3.37521 10.214 3.82719 10.5501 1 0.650641
4.77015 11.151 4.76393 10.1458 1 1.3
4.77015 11.151 5.69059 10.7393 1 1.3
4.77015 11.151 5.13728 10.5623 1 0.650641
4.77015 11.151 3.82719 10.5501 1 1.3
4.31776 10.8157 4.22225 9.96783 1 0.7
4.31776 10.8157 5.13728 10.5623 1 0.7
4.31776 10.8157 3.82719 10.5501 1 0.650641
4.31776 10.8157 3.37521 10.214 1 0.7
4.31776 10.8157 4.77015 11.151 1 0.650641
5.7012 11.7796 5.69059 10.7393 1 1.3
5.7012 11.7796 6.61104 11.3406 1 1.3
5.7012 11.7796 6.03132 11.1838 1 0.650641
5.7012 11.7796 4.77015 11.151 1 1.3
5.24453 11.4402 5.13728 10.5623 1 0.7
5.24453 11.4402 6.03132 11.1838 1 0.7
5.24453 11.4402 4.77015 11.151 1 0.650641
5.24453 11.4402 4.31776 10.8157 1 0.7
5.24453 11.4402 5.7012 11.7796 1 0.650641
6.63433 12.4276 6.61104 11.3406 1 1.3
6.63433 12.4276 7.54174 11.9027 1 1.3
6.63433 12.4276 6.89087 11.8243 1 0.650641
6.63433 12.4276 5.7012 11.7796 1 1.3
6.15086 12.1018 6.03132 11.1838 1 0.7
6.15086 12.1018 6.89087 11.8243 1 0.7
6.15086 12.1018 5.7012 11.7796 1 0.650641
6.15086 12.1018 5.24453 11.4402 1 0.7
6.15086 12.1018 6.63433 12.4276 1 0.650641
7.59904 13.0485 7.54174 11.9027 1 1.3
7.59904 13.0485 8.52203 12.3885 1 1.3
7.59904 13.0485 7.67047 12.4349 1 0.650641
7.59904 13.0485 6.63433 12.4276 1 1.3
7.03159 12.8045 6.89087 11.8243 1 0.7
7.03159 12.8045 7.67047 12.4349 1 0.7
7.03159 12.8045 6.63433 12.4276 1 0.650641
7.03159 12.8045 6.15086 12.1018 1 0.7
7.03159 12.8045 7.59904 13.0485 1 0.650641
8.63415 13.5579 8.52203 12.3885 1 1.3
8.63415 13.5579 7.59904 13.0485 1 1.3
7.8739 13.5235 7.67047 12.4349 1 0.7
7.8739 13.5235 7.59904 13.0485 1 0.650641
7.8739 13.5235 7.03159 12.8045 1 0.7
7.8739 13.5235 8.63415 13.5579 1 0.650641
8.19593 12.9607 8.52203 12.3885 1 0.650641
8.19593 12.9607 7.67047 12.4349 1 0.7
8.19593 12.9607 8.63415 13.5579 1 0.650641
8.19593 12.9607 7.8739 13.5235 1 0.7
-0.0819116 8.86634 0.114287 7.97597 1 1.3
-0.0819116 8.86634 0.986316 8.71085 1 1.3
-0.0819116 8.86634 0.619028 8.25626 1 0.650641
-0.134364 8.09493 -0.0617702 7.42391 1 0.7
-0.134364 8.09493 0.619028 8.25626 1 0.7
-0.134364 8.09493 -0.0819116 8.86634 1 0.650641
-0.875421 7.7038 0.114287 7.97597 1 1.3
-0.875421 7.7038 -0.0617702 7.42391 1 0.650641
-0.875421 7.7038 -0.0819116 8.86634 1 1.3
-0.875421 7.7038 -0.134364 8.09493 1 0.650641
0.903196 9.67692 0.986316 8.71085 1 1.3
0.903196 9.67692 1.91908 9.35896 1 1.3
0.903196 9.67692 1.49184 8.97318 1 0.650641
0.903196 9.67692 -0.0819116 8.86634 1 1.3
0.731007 8.94109 0.619028 8.25626 1 0.7
0.731007 8.94109 1.49184 8.97318 1 0.7
0.731007 8.94109 -0.0819116 8.86634 1 0.650641
0.731007 8.94109 0.903196 9.67692 1 0.650641
1.89341 10.3559 1.91908 9.35896 1 1.3
1.89341 10.3559 2.87322 9.96158 1 1.3
1.89341 10.3559 2.42663 9.611 1 0.650641
1.89341 10.3559 0.903196 9.67692 1 1.3
1.68388 9.64562 1.49184 8.97318 1 0.7
1.68388 9.64562 2.42663 9.611 1 0.7
1.68388 9.64562 0.903196 9.67692 1 0.650641
1.68388 9.64562 1.89341 10.3559 1 0.650641
2.86591 10.9747 2.87322 9.96158 1 1.3
2.86591 10.9747 3.82719 10.5501 1 1.3
2.86591 10.9747 3.37521 10.214 1 0.650641
2.86591 10.9747 1.89341 10.3559 1 1.3
2.64738 10.2773 2.42663 9.611 1 0.7
2.64738 10.2773 3.37521 10.214 1 0.7
2.64738 10.2773 1.89341 10.3559 1 0.650641
2.64738 10.2773 2.86591 10.9747 1 0.650641
3.81388 11.577 3.82719 10.5501 1 1.3
3.81388 11.577 4.77015 11.151 1 1.3
3.81388 11.577 4.31776 10.8157 1 0.650641
3.81388 11.577 2.86591 10.9747 1 1.3
3.60105 10.8821 3.37521 10.214 1 0.7
3.60105 10.8821 4.31776 10.8157 1 0.7
3.60105 10.8821 2.86591 10.9747 1 0.650641
3.60105 10.8821 3.81388 11.577 1 0.650641
4.73879 12.1927 4.77015 11.151 1 1.3
4.73879 12.1927 5.7012 11.7796 1 1.3
4.73879 12.1927 5.24453 11.4402 1 0.650641
4.73879 12.1927 3.81388 11.577 1 1.3
4.53672 11.4926 4.31776 10.8157 1 0.7
4.53672 11.4926 5.24453 11.4402 1 0.7
4.53672 11.4926 3.81388 11.577 1 0.650641
4.53672 11.4926 4.73879 12.1927 1 0.650641
5.65057 12.8394 5.7012 11.7796 1 1.3
5.65057 12.8394 6.63433 12.4276 1 1.3
5.65057 12.8394 6.15086 12.1018 1 0.650641
5.65057 12.8394 4.73879 12.1927 1 1.3
5.4525 12.1305 5.24453 11.4402 1 0.7
5.4525 12.1305 6.15086 12.1018 1 0.7
5.4525 12.1305 4.73879 12.1927 1 0.650641
5.4525 12.1305 5.65057 12.8394 1 0.650641
6.56682 13.5196 6.63433 12.4276 1 1.3
6.56682 13.5196 7.59904 13.0485 1 1.3
6.56682 13.5196 7.03159 12.8045 1 0.650641
6.56682 13.5196 5.65057 12.8394 1 1.3
6.34925 12.8077 6.15086 12.1018 1 0.7
6.34925 12.8077 7.03159 12.8045 1 0.7
6.34925 12.8077 5.65057 12.8394 1 0.650641
6.34925 12.8077 6.56682 13.5196 1 0.650641
7.52471 14.1997 7.59904 13.0485 1 1.3
7.52471 14.1997 8.63415 13.5579 1 1.3
7.52471 14.1997 7.8739 13.5235 1 0.650641
7.52471 14.1997 6.56682 13.5196 1 1.3
7.22546 13.5222 7.03159 12.8045 1 0.7
7.22546 13.5222 7.8739 13.5235 1 0.7
7.22546 13.5222 6.56682 13.5196 1 0.650641
7.22546 13.5222 7.52471 14.1997 1 0.650641
8.61409 14.803 8.63415 13.5579 1 1.3
8.61409 14.803 7.52471 14.1997 1 1.3
8.04408 14.3571 7.8739 13.5235 1 0.7
8.04408 14.3571 7.52471 14.1997 1 0.650641
8.04408 14.3571 8.61409 14.803 1 0.650641
8.51169 14.0866 8.63415 13.5579 1 0.650641
8.51169 14.0866 7.8739 13.5235 1 0.7
8.51169 14.0866 8.61409 14.803 1 0.650641
8.51169 14.0866 8.04408 14.3571 1 0.7
